[resource-safe] CPU target 60%, maxWorkers 2, concurrency 5, command: node node_modules/vitest/vitest.mjs run tests/documentTranslationBinary.test.ts -t PDF loading keeps the original source snapshot --reporter=default --reporter=json --outputFile=../pdf-race-nine-coverage-20261008/pdf-source-race-red.results.json

 RUN  v2.1.9 [CW_WORKSPACE]/FluentRead-pdf-export-source-snapshot

stdout | tests/documentTranslationBinary.test.ts > binary document translation formats > PDF loading keeps the original source snapshot when segments are replaced asynchronously
Warning: UnknownErrorException: Ensure that the `standardFontDataUrl` API parameter is provided.

 ❯ tests/documentTranslationBinary.test.ts (24 tests | 1 failed | 23 skipped) 180ms
   × binary document translation formats > PDF loading keeps the original source snapshot when segments are replaced asynchronously 180ms
     → expected "testRasterizer" to not be called at all, but actually been called 1 times

Received: 

  1st testRasterizer call:

    Array [
      Object {
        "blocks": Array [
          Object {
            "fontFamily": "sans-serif",
            "fontSize": 24,
            "fontWeight": 600,
            "height": 24,
            "lineCount": 1,
            "lineHeight": 24,
            "segmentIndex": 0,
            "source": "Unchanged source page",
            "textAlign": "left",
            "width": 261.47999999999996,
            "x": 0,
            "y": 582.768,
          },
        ],
        "height": 600,
        "pageNumber": 1,
        "segmentIndexes": Array [
          0,
        ],
        "signal": undefined,
        "sourceBytes": Uint8Array [
          37,
          80,
          68,
          70,
          45,
          49,
          46,
          55,
          10,
          37,
          129,
          129,
          129,
          129,
          10,
          10,
          54,
          32,
          48,
          32,
          111,
          98,
          106,
          10,
          60,
          60,
          10,
          47,
          70,
          105,
          108,
          116,
          101,
          114,
          32,
          47,
          70,
          108,
          97,
          116,
          101,
          68,
          101,
          99,
          111,
          100,
          101,
          10,
          47,
          76,
          101,
          110,
          103,
          116,
          104,
          32,
          49,
          48,
          56,
          10,
          62,
          62,
          10,
          115,
          116,
          114,
          101,
          97,
          109,
          10,
          120,
          156,
          43,
          228,
          114,
          10,
          225,
          50,
          80,
          0,
          193,
          162,
          116,
          46,
          125,
          143,
          212,
          156,
          178,
          212,
          146,
          204,
          228,
          68,
          93,
          115,
          3,
          75,
          11,
          19,
          11,
          3,
          115,
          11,
          75,
          5,
          35,
          19,
          133,
          144,
          52,
          46,
          16,
          233,
          195,
          101,
          8,
          86,
          10,
          33,
          67,
          114,
          185,
          108,
          76,
          77,
          205,
          92,
          205,
          140,
          205,
          44,
          204,
          12,
          129,
          180,
          185,
          153,
          169,
          153,
          137,
          145,
          129,
          185,
          177,
          153,
          155,
          185,
          169,
          185,
          17,
          80,
          220,
          20,
          200,
          51,
          0,
          202,
          1,
          101,
          236,
          20,
          66,
          178,
          184,
          66,
          180,
          184,
          92,
          67,
          184,
          2,
          185,
          0,
          90,
          153,
          26,
          4,
          10,
          101,
          110,
          100,
          115,
          116,
          114,
          101,
          97,
          109,
          10,
          101,
          110,
          100,
          111,
          98,
          106,
          10,
          10,
          55,
          32,
          48,
          32,
          111,
          98,
          106,
          10,
          60,
          60,
          10,
          47,
          70,
          105,
          108,
          116,
          101,
          114,
          32,
          47,
          70,
          108,
          97,
          116,
          101,
          68,
          101,
          99,
          111,
          100,
          101,
          10,
          47,
          84,
          121,
          112,
          101,
          32,
          47,
          79,
          98,
          106,
          83,
          116,
          109,
          10,
          47,
          78,
          32,
          53,
          10,
          47,
          70,
          105,
          114,
          115,
          116,
          32,
          50,
          54,
          10,
          47,
          76,
          101,
          110,
          103,
          116,
          104,
          32,
          51,
          54,
          49,
          10,
          62,
          62,
          10,
          115,
          116,
          114,
          101,
          97,
          109,
          10,
          120,
          156,
          213,
          82,
          77,
          75,
          195,
          64,
          16,
          189,
          239,
          175,
          152,
          163,
          30,
          100,
          63,
          146,
          102,
          19,
          41,
          133,
          182,
          73,
          20,
          164,
          40,
          173,
          160,
          40,
          30,
          210,
          100,
          41,
          145,
          178,
          43,
          201,
          70,
          234,
          191,
          119,
          38,
          73,
          45,
          61,
          136,
          103,
          9,
          195,
          238,
          204,
          188,
          153,
          125,
          147,
          121,
          18,
          4,
          40,
          8,
          67,
          8,
          64,
          199,
          16,
          194,
          36,
          80,
          48,
          1,
          45,
          37,
          76,
          167,
          140,
          63,
          126,
          125,
          24,
          224,
          15,
          197,
          206,
          180,
          140,
          223,
          213,
          85,
          11,
          175,
          136,
          17,
          176,
          134,
          55,
          198,
          151,
          174,
          179,
          30,
          36,
          155,
          205,
          216,
          9,
          187,
          44,
          124,
          177,
          119,
          59,
          54,
          20,
          129,
          36,
          240,
          17,
          241,
          208,
          184,
          170,
          43,
          77,
          3,
          211,
          60,
          203,
          115,
          33,
          180,
          16,
          34,
          10,
          209,
          34,
          33,
          84,
          138,
          231,
          18,
          45,
          65,
          83,
          232,
          99,
          78,
          197,
          120,
          71,
          211,
          225,
          104,
          24,
          211,
          129,
          16,
          193,
          28,
          115,
          249,
          96,
          145,
          30,
          106,
          40,
          223,
          99,
          39,
          99,
          125,
          134,
          39,
          98,
          35,
          194,
          164,
          3,
          54,
          140,
          7,
          255,
          231,
          93,
          122,
          43,
          27,
          122,
          168,
          191,
          248,
          36,
          51,
          198,
          87,
          174,
          74,
          11,
          111,
          224,
          34,
          189,
          86,
          66,
          69,
          82,
          8,
          236,
          40,
          85,
          160,
          94,
          46,
          241,
          119,
          52,
          166,
          240,
          238,
          255,
          14,
          215,
          243,
          175,
          157,
          253,
          117,
          194,
          179,
          61,
          211,
          122,
          105,
          201,
          141,
          33,
          13,
          244,
          91,
          230,
          107,
          211,
          186,
          174,
          41,
          113,
          237,
          132,
          203,
          29,
          102,
          232,
          114,
          107,
          246,
          159,
          198,
          215,
          101,
          113,
          165,
          69,
          18,
          35,
          79,
          29,
          39,
          168,
          177,
          81,
          24,
          252,
          249,
          126,
          251,
          110,
          202,
          30,
          74,
          110,
          118,
          240,
          55,
          27,
          79,
          28,
          134,
          0,
          197,
          86,
          166,
          170,
          139,
          133,
          59,
          160,
          250,
          4,
          126,
          56,
          5,
          224,
          20,
          164,
          193,
          185,
          181,
          206,
          147,
          42,
          123,
          61,
          90,
          143,
          108,
          200,
          139,
          70,
          141,
          158,
          81,
          38,
          66,
          140,
          111,
          186,
          173,
          239,
          93,
          10,
          74,
          198,
          23,
          69,
          107,
          122,
          170,
          39,
          158,
          72,
          194,
          150,
          174,
          170,
          237,
          14,
          248,
          83,
          109,
          231,
          182,
          173,
          143,
          1,
          234,
          248,
          13,
          246,
          156,
          197,
          197,
          10,
          101,
          110,
          100,
          115,
          116,
          114,
          101,
          97,
          109,
          10,
          101,
          110,
          100,
          111,
          98,
          106,
          10,
          10,
          56,
          32,
          48,
          32,
          111,
          98,
          106,
          10,
          60,
          60,
          10,
          47,
          83,
          105,
          122,
          101,
          32,
          57,
          10,
          47,
          82,
          111,
          111,
          116,
          32,
          50,
          32,
          48,
          32,
          82,
          10,
          47,
          73,
          110,
          102,
          111,
          32,
          51,
          32,
          48,
          32,
          82,
          10,
          47,
          70,
          105,
          108,
          116,
          101,
          114,
          32,
          47,
          70,
          108,
          97,
          116,
          101,
          68,
          101,
          99,
          111,
          100,
          101,
          10,
          47,
          84,
          121,
          112,
          101,
          32,
          47,
          88,
          82,
          101,
          102,
          10,
          47,
          76,
          101,
          110,
          103,
          116,
          104,
          32,
          52,
          48,
          10,
          47,
          87,
          32,
          91,
          32,
          49,
          32,
          50,
          32,
          50,
          32,
          93,
          10,
          47,
          73,
          110,
          100,
          101,
          120,
          32,
          91,
          32,
          48,
          32,
          57,
          32,
          93,
          10,
          62,
          62,
          10,
          115,
          116,
          114,
          101,
          97,
          109,
          10,
          120,
          156,
          21,
          196,
          177,
          17,
          0,
          32,
          12,
          3,
          177,
          183,
          195,
          29,
          45,
          195,
          179,
          18,
          115,
          37,
          88,
          133,
          128,
          110,
          179,
          33,
          41,
          57,
          85,
          90,
          226,
          128,
          120,
          63,
          95,
          24,
          97,
          134,
          3,
          164,
          10,
          101,
          110,
          100,
          115,
          116,
          114,
          101,
          97,
          109,
          10,
          101,
          110,
          100,
          111,
          98,
          106,
          10,
          10,
          115,
          116,
          97,
          114,
          116,
          120,
          114,
          101,
          102,
          10,
          54,
          54,
          48,
          10,
          37,
          37,
          69,
          79,
          70,
        ],
        "translations": Array [
          "Unchanged source page",
        ],
        "width": 400,
      },
    ]


Number of calls: 1


 Test Files  1 failed (1)
      Tests  1 failed | 23 skipped (24)
   Start at  08:12:32
   Duration  377ms (transform 49ms, setup 0ms, collect 86ms, tests 180ms, environment 0ms, prepare 22ms)

JSON report written to [CW_WORKSPACE]/pdf-race-nine-coverage-20261008/pdf-source-race-red.results.json
